 1   2
 1   3
 1   5
 1   7
 1   10
 1   12
 1   16
 1   17
 1   19
 1   20
 2   1
 2   3
 2   5
 2   7
 2   16
 2   17
 2   19
 2   20
 3   1
 3   2
 3   5
 3   7
 3   12
 3   16
 3   17
 3   19
 3   20
 4   6
 4   9
 4   10
 4   11
 4   13
 4   14
 4   15
 4   18
 5   1
 5   2
 5   3
 5   7
 5   12
 5   16
 5   17
 5   19
 5   20
 6   4
 6   8
 6   9
 6   10
 6   11
 6   13
 6   14
 6   16
 6   18
 7   1
 7   2
 7   3
 7   5
 7   10
 7   12
 7   13
 7   16
 7   17
 7   19
 7   20
 8   6
 8   9
 8   10
 8   11
 8   14
 8   15
 8   18
 9   4
 9   6
 9   8
 9   10
 9   12
 9   13
 9   14
 9   15
 9   16
 10   1
 10   4
 10   6
 10   7
 10   8
 10   9
 10   11
 10   13
 10   14
 10   15
 10   18
 11   4
 11   6
 11   8
 11   10
 11   13
 11   14
 11   15
 11   18
 12   1
 12   3
 12   5
 12   7
 12   9
 12   16
 12   17
 12   19
 12   20
 13   4
 13   6
 13   7
 13   9
 13   10
 13   11
 13   14
 13   15
 13   18
 14   4
 14   6
 14   8
 14   9
 14   10
 14   11
 14   13
 14   15
 14   20
 15   4
 15   8
 15   9
 15   10
 15   11
 15   13
 15   14
 15   18
 16   1
 16   2
 16   3
 16   5
 16   6
 16   7
 16   9
 16   12
 16   17
 16   19
 16   20
 17   1
 17   2
 17   3
 17   5
 17   7
 17   12
 17   16
 17   18
 17   19
 17   20
 18   4
 18   6
 18   8
 18   10
 18   11
 18   13
 18   15
 18   17
 19   1
 19   2
 19   3
 19   5
 19   7
 19   12
 19   16
 19   17
 19   20
 20   1
 20   2
 20   3
 20   5
 20   7
 20   12
 20   14
 20   16
 20   17
 20   19
